2
3
4 1 3
5
0
1
2
3
4
8835
450367027 141153213 646940540 101676123 81186882 486166846 9579190 79285155 103248819 405387810 815904521 466930582 445788691 315693992 169632983 340959082 86916751 139294113 749865853 444266948 548778483 501438930 161222985 446555068 699689805 410793009 13432799 628295834 475517754 226732505 435251020 925884780 220402069 82191560 27560902 154105303 420874757 37140091 85906809 524123575 295044252 754327681 991054156 740832942 70021672 160687138 934308376 9454774 299981250 684174228 453721721 848759732 38129510 467461058 147831151 737819314 878254066 13780302 218631499 206288171 240512806 653882519 132172951 313431227 588590430 12250204 467536529 9465186 901906647 405959689 386105112 196950898 160287370 377159267 790300192 82825393 390362756 724608567 92280167 690344005 261299146 398518239 391620088 299428655 865979296 539451239 37247968 596749714 553231540 108395819 803037884 646260697 762278337 787727186 959691923 203385118 799977390 279744803 65366655 554400388 685704492 451471766 751351285 845991861 681147384 394167828 781333605 71510139 118776394 726130123 614370495 232591892 124648362 5990582 384536898 843144009 397958172 274301218 292410074 803706063 382697036 947964310 449966760 144975372 735691495 262175034 200876841 388185236 541919837 118759847 942585623 227624328 570231612 546453260 926132540 103895347 940621087 707466144 175405485 911913833 286112619 789775979 997022076 263277332 648282912 381558973 106421340 898757436 655860190 251347766 702463498 38557225 51828427 4946609 36048948 787519921 267121643 89442140 28221509 809041479 208201986 823323483 889182158 630949949 222293094 815314697 734845295 15430533 375297192 910250779 927344365 661409810 552543109 776882792 924687141 53342373 10958116 883624833 952099808 666818306 987488950 507079657 557891882 39317376 364542618 446457182 679353648 631664260 388415673 707575156 293222090 596617659 383414991 34920599 80083959 605708084 850235295 814929254 621138616 78048838 577696384 400999332 591975000 130239493 177882123 369178492 36098217 188840239 105319676 840714376 708174896 92808625 200310384 118583129 132126000 564853001 565040310 663996000 49033612 953455983 224087507 342255701 402589993 607502497 377176299 482673951 213210581 79927945 150119556 834349196 10493135 727815940 87864880 602468134 710571784 265747002 971646625 746670000 307103592 76966301 439900727 15278487 22291277 640211110 133861616 6933629 205064111 551418277 670929628 254097722 357390611 895017134 448869775 759980603 502519631 826046073 95170906 568246563 758490370 245290461 255112110 768983504 973106400 342976989 371451637 536194535 608723991 195614613 135380886 915827582 272580913 575281612 783622421 294872190 215492722 917484036 301805818 273073184 321418664 972735445 527170905 678809275 720268930 976040679 291306229 75304912 654603104 386477134 643551474 265609825 484283947 898663584 34593328 309906698 241640572 258561316 846101233 702880914 454175928 981482118 471224848 726756841 556763730 254847268 874145382 624772803 24847655 28467551 897845986 346266318 1202995 277533242 25075592 573988276 106090273 168898173 649293188 760693376 555375306 292844661 26303200 39659252 44024596 913412879 202082302 285665168 171974194 48183534 988546081 626150121 29665651 312287280 205423313 438945732 567134547 79568694 63718534 444498553 108036244 814080871 790764871 961755590 91614113 668356814 388260218 197704385 837254986 37553405 810914112 245146644 182914417 689733663 137322247 226939013 603146541 339404548 512604180 627637086 240104433 353666612 106303558 122286436 665953892 311726871 561232167 85604790 243811916 477467053 530103343 204364512 144064275 173384565 18636453 235678387 694257730 406896670 285899123 384029068 296966426 96813234 629175711 479880843 786546896 619014309 706819855 242209788 958418857 71940386 869846873 51039641 425606997 976150431 173326076 944077240 140393653 734558243 29682030 236721920 64541647 412301724 441086431 208605921 438202640 312239236 296800660 132460369 719135905 582699782 516489436 16102331 679513016 998181498 348499525 318576263 617195807 55319379 413302403 428131015 127259764 135665627 479170655 405383112 111816057 652496731 349460352 104726061 239571325 231658733 341447981 156629323 496476808 635050763 365235243 934679447 947289998 662035902 67139815 518942255 97252036 436145603 387560937 776765051 286843452 736060461 947857665 904039258 791379839 361160067 184686624 771155954 496825694 516373631 176539065 461158102 21386713 378515768 418400515 260958037 610174500 759848495 417587359 106651307 247415609 635338953 893847105 194705607 149891207 813503272 713647861 247143242 102165226 101208797 23908292 389008677 689785609 824282308 145564287 333681799 37958727 330250910 104837752 534784420 846624540 133893168 848458873 868011252 512408936 266859387 981485640 122583435 879224233 251589350 81751094 126639842 886928303 828114550 173861800 36819509 641617821 887509660 283962750 743783046 841234808 160387393 132791723 383536768 984669700 130872361 717218566 22628426 461123270 822056317 409929197 160264162 955949484 110904422 880791765 320874771 377763808 862277405 295974558 109504393 113866754 230242003 236144234 853311408 58356552 410006033 890130916 552490725 150032044 26610017 148790122 843783203 39513761 134098196 227319970 24183461 264970556 944538535 899328238 726093826 619111203 161773787 738874339 427577038 272678208 619666103 748451809 502958367 334459859 44426366 612462759 300842965 127184720 848606992 6670724 185541271 111129376 896801640 738031995 113677771 775928008 886822117 957460973 815441769 20920312 37297294 692141581 138407220 981835828 443986170 864501045 453463382 605759956 455891735 733556772 730954515 75557837 334524932 233912882 262534048 231467649 846375640 415893364 358652368 547498984 422564087 544193638 511144711 171882078 134741985 624822482 947810086 874080453 582283454 763251854 747517116 619580748 307909786 885924335 453932927 751895955 602941731 759912661 210172263 58833465 493469432 941126777 986907654 827994363 27556010 101958053 59462011 873931650 517851416 270630730 273946985 940415502 814824367 785091695 112297580 802082703 262430528 60107665 676163155 844713982 675875870 276196623 316811081 983785655 162120957 623260359 588197961 765062688 383173019 798370223 676412504 729158802 739497000 663320157 409669516 767053009 765278209 321647878 493501010 135645976 592278607 619964346 76061478 259619326 257572393 40875409 61702028 520002920 100983073 590381535 217233253 629375294 866578157 534044333 465677300 28699113 9821044 53875260 646278152 392994062 704761835 175207008 122152864 296775186 838527164 384338731 63828194 456321725 705986609 409845556 591967700 298265215 29809901 520545529 557884540 139898645 561420937 472102920 659901565 514920361 62484454 877134817 144295654 929062610 263695502 462489305 810278074 273516545 368880917 309072578 666510606 73642751 484279585 641179821 222934288 175323100 25518552 139278833 484161176 584021512 549124388 76128876 882286726 431450641 449190756 292687618 571349285 10611693 764790537 83767201 525532053 679791342 960902018 522344059 461370303 224597519 837349715 124164728 498114063 58746983 433237305 17141020 132389733 770033241 510837193 207840372 945356341 388872096 347119205 282033868 972893607 896243592 210679095 707696684 180210584 659869851 384301 604076221 670481543 617691189 687843421 48529947 149998882 648745438 423390357 611369184 725859308 260740072 735533912 76489722 319487054 21287568 93630742 304393139 791320809 604467934 512233510 589193501 993340029 859352714 871227368 818749987 608112658 81906463 526446670 640839593 741776313 379347323 244915813 264774207 849554863 932759234 165820505 999553745 434021023 589210862 610922928 12396683 849950933 198973191 88886404 21954338 220260759 182517145 178863828 11581567 639501430 691097338 600775067 485357810 402966403 324518786 304107796 863595412 406425248 683070818 504435005 717912 62418140 601867169 118008470 764489354 387142754 283828975 764043098 821163777 873039836 227482378 833560459 575507120 426455568 922446862 597461457 646716326 957480359 776325285 510814244 596981788 319938974 111589310 82339598 575421728 288624448 238963745 439017140 695049695 922034562 795968496 548283959 836969053 397835664 666292428 453974759 784978418 950121402 70534208 458658546 823161237 298016585 144735356 251184708 576988505 919698569 848646165 76221182 877178927 477487801 587035426 326677067 649943126 551141087 261533016 225364853 839765534 353013112 516898344 387331581 127564026 312866839 935615539 964533078 563218855 601907966 271024188 200713624 404545720 341558396 659372169 80223308 639574980 656623876 331408016 69079836 576322444 32570532 145301018 306017723 510058332 732336443 485211141 12517809 283477529 746744156 237882661 123243063 99757267 754781005 363090995 79837644 920164195 298706533 44370722 483383049 753130850 167911261 684096672 157676569 509469656 195985192 237899877 1560988 852609067 569307892 70640823 281447863 601878423 215941840 439981937 964453106 948278282 925193077 976970914 84272163 524453584 67369926 60031577 476727202 822150930 423122571 556564846 594831477 721829103 453451919 78214525 327476304 621363179 614827549 485152873 130832835 663329092 575569101 132393822 368454511 144876992 203034644 649902373 599271766 418976484 89884309 416241223 219771117 867593737 393212136 304043279 392047320 460582061 364074855 868774521 135249343 787197425 277855718 730080819 361542879 731307636 660811695 689019183 352670815 128155595 26688407 336020001 791484687 602257507 468413822 12455549 599650850 523964817 662357921 51438967 942941300 604758581 467680189 15228769 324868669 860892324 319272047 716915988 173990736 683346902 438206860 161756430 470544326 716062578 891837248 832087205 299886565 405165295 373622739 652557379 385837241 400311145 988577379 29838279 2568651 309507552 42293827 602219500 833472369 704651747 653658466 628930020 161926679 121338654 644158788 486795347 834747329 963430835 56227686 861254416 499294088 346950898 23010846 969838413 63013475 767364445 654441969 215416391 25046091 28064707 867973770 410883332 280892203 709067500 440721610 283460853 871091404 483015437 738196704 557080124 40183535 244371521 38526495 202110214 218226526 682685283 541421912 52973854 498632469 597649598 766744622 997926556 944600495 789755467 820281320 860130321 409636263 327239641 75546711 434682354 207820699 796036832 845565685 488712902 357620684 286287294 624690106 81228439 769302730 362886810 638308562 809486265 607258330 676835056 864112830 825484856 212036690 405534741 730975061 710669158 855700690 350236034 561112065 652817536 139991500 233909737 365464208 402144115 413665729 293527271 836826468 621486427 89564102 682392152 962715680 299701137 821195797 587405786 380929575 443014879 802808947 19238136 105017495 262583628 548589544 969130324 88068483 760626233 227181416 671559896 323811743 82882106 21795929 884923807 735699641 14303781 971349895 101163849 268964247 385015623 247207471 105790714 859018402 189287924 640699217 821734081 488989061 461895013 261656218 722434987 904909891 64465164 594189475 9927385 179565144 142779018 831574060 120149978 903405250 58755476 791709873 79733344 141637581 666022154 964657151 729853573 532842286 788523397 683533773 801806532 26055372 930741243 760113597 885073773 120029167 400812813 559324205 461534579 715224177 820980423 36485917 472650420 737961938 630675391 335094156 917527081 773454408 166668216 37677059 529376010 77940043 681903283 609109353 72093975 200441788 426282855 801947547 585800425 67322604 337997672 240123308 93377975 121255266 236904 978451747 93800784 253566068 537775951 407851714 968790245 211272725 444337631 441440664 801751015 75013021 776534819 571794447 700983781 795719386 461987857 82876142 873659428 143891140 691985494 945753402 196849279 970784701 600217301 782649704 38107304 938214972 22773011 131485278 911986589 875526267 109937024 5787373 129092334 500229326 266155438 97882578 564018403 710493068 391839593 365769417 785506089 20890764 937563863 339006221 816610149 252068072 421882362 542785929 248475563 113867855 488539330 445324841 937168907 88756630 80490896 975276210 879487953 955780259 959277839 643990894 831306525 921731214 502294618 812915210 274476892 768450055 763314140 838495294 478943123 7670084 56781062 116965563 28560847 994344924 455971783 697687348 98929347 877854144 240473276 347404909 844238350 581528957 792729750 633923609 522801939 725736997 461716170 254806243 681517255 420994009 898797136 365340131 195241574 401091753 30771693 469718465 22058160 794085832 308213758 501001282 801755915 364994819 470483196 830316762 211856095 926454978 380520461 310785441 656825473 620993736 658190350 353580174 55039044 303436451 987503782 577840982 29173447 301736304 832647225 563207054 722730312 731444360 781063536 917971885 985052465 811835228 240206702 7110624 605921059 548420459 360628257 260193326 765931630 831111452 90510087 977787724 610082781 323546899 141089516 119424605 944540634 651796217 473004778 999579677 955232667 313024912 429937011 836922466 614761215 262584235 252645871 190007878 846544946 33709406 960496114 831597410 698060986 200702815 691224385 156498396 601639626 51852641 416691721 367571255 882964092 359718159 197875330 345563224 683265057 191481197 464987828 480322042 843277414 937992606 332418071 651026432 103533869 762355081 340465249 570811435 24939315 593111119 760819312 724000612 479336877 573831777 408114374 29914214 774534592 99338758 186412609 228690569 3707751 603104330 596261823 886671842 962822488 646653504 84751418 646087545 838134700 549739245 126409586 681412113 340248202 311344008 184954897 443782070 73699088 525420145 14593504 951154754 118531264 627929167 675155366 450384492 54277296 83269739 480298705 828811887 35124848 666711313 57502455 38832598 122331994 506280629 778020792 85154482 5450484 862772209 583758378 843585183 412511453 562684315 377513648 752759655 874028323 562468544 49058076 947727410 87888688 916167932 751398516 58936303 396613450 279070233 361837146 450890745 214856323 842135850 132218983 249981170 361363515 42237789 141330120 483695508 548518417 919350911 421366341 553968900 782123119 5124718 250070435 47150923 567809033 627584082 652426929 294353707 190052625 701485005 94597468 130457664 470169288 845995983 189393967 866782737 125066215 551231112 317673482 339922537 245883314 449892464 442420059 459763180 492130253 583750178 943458687 893165021 503101088 217341380 299650273 137740558 222466097 549720707 37407832 642791481 177304788 689834761 937145187 219873764 243836117 31742655 350331427 714005404 877738637 539725393 580788140 855321204 943472857 750977973 47760092 41872522 53386789 490180150 501635701 545517041 73930327 297610739 291198413 429547766 514952118 590848685 567288323 737418215 140569391 604696155 232726047 170390530 147047267 169871234 390264293 390883383 54130240 740595720 104888786 931868876 132837464 538193277 639706431 76310320 289171250 687466523 118182841 342558038 177646672 619818541 740591430 104093351 917429280 31789842 533641116 284897749 622638527 100929439 22315963 615724269 558141945 107558362 786114799 705189211 277429595 176379091 96072593 331559834 916974810 53477730 115945061 49812274 591671006 755651492 978638945 733358607 295634366 96821786 75916644 473281037 569156678 669024425 577374387 339102309 700814267 111015503 624000058 175969145 64461293 498832372 791693413 475119589 606390733 430324563 32825151 736336679 606703654 981414095 67896512 376194815 34891824 36357925 278523440 479079181 644525768 109678737 64954140 940160133 59016874 140870783 265957521 628173551 662411560 843331908 819792212 215742178 806863762 296308621 391711322 723841406 795140992 35921086 51477346 254048077 466245649 84302496 990384755 925465654 918232942 910797619 154176820 805641117 799671895 432700260 137236649 444197662 542378996 202190788 236874146 601395869 195577923 502831666 82085771 857989482 198679925 901877982 73731659 5543686 50702954 317959332 581901443 845843946 353880417 485895140 952408374 672642417 422713987 795309480 598108070 340946928 558623450 752284890 146588044 358295344 37501501 136341045 655009357 432396848 338531832 891883502 33792716 534109754 394715168 968394838 392099235 593395092 722789172 318347245 451455130 773492125 636306576 885872924 471852422 990186993 371768064 424260795 515345761 794482050 72086627 113453831 987945330 630710076 718255072 987049725 989005420 608272924 123390769 496531128 40669771 461922601 388414630 926978838 996032354 635646149 895373675 240647941 81557592 470679198 558995185 533012721 244171323 47818113 271401997 716023744 38005105 643170060 992800891 405867217 290168461 64887517 371837399 130630142 695597592 90092470 117679867 537119363 550881745 93586987 33650491 591551515 555509587 274581472 371046704 404058293 910227620 118936731 497222585 991785211 589615928 56217769 377314284 833787250 104035881 648716280 402327346 994557337 144402691 247644588 252940906 287087503 312532104 624778304 417717645 860646047 567387126 535397511 250281762 118268870 628984497 136448604 562336737 37010436 411030075 933383440 293585080 173774046 52320170 790807664 18075608 641936098 699541784 247906243 328239699 656094017 896622522 583083396 503167705 893541564 830727983 756108610 180629067 143260086 380886914 598346711 856422485 948274039 986260573 106704246 919059260 467761421 243152849 481395996 504771856 506699275 267295788 798356935 680473320 319615957 441680950 551065279 814068406 141222734 798971522 142308105 797316750 548110395 577907852 153000806 441651959 408635835 909109416 474797377 404412272 142512681 73144087 113351108 90786719 911921011 220055353 862362330 379682431 315724553 196274678 736970639 822423827 463570465 387843925 355413498 783186421 829524875 906478777 449771179 970747608 705450298 444595635 620580709 106077044 22503486 773581514 547729002 283655672 535207281 22526378 688067944 677719961 948186816 801419051 621023031 712624178 873990756 483385361 92306609 189715308 679660038 681793599 12139135 143230502 69637523 220068984 778933274 899162397 126547760 81220804 722426356 684514409 525816438 195523416 790591453 548319924 821621282 190836806 831975595 356828562 65879536 372559890 34548523 14066351 26495293 508087905 579206881 900486048 991473265 524029841 942717707 523649654 205823439 807373193 519396507 127977313 27442177 150846133 27139710 6506288 232066936 602082417 691020697 757883374 650122185 481612149 158719649 471743466 672448954 843211595 681088379 738328489 68287837 568153253 604911192 94783129 76241158 36634424 847785528 920230774 560664264 790503234 296396780 766487702 450392779 815793286 894465014 477834955 819155770 774121075 484341242 51222706 228719844 27878290 661622431 878842028 509490438 672858431 203101845 34455744 516070025 884190223 625300584 584357861 304859828 82728127 531657341 381100985 119362550 379442868 153848110 680026813 22462454 450244889 299030866 472855232 118554527 46012232 803206538 937710296 820133306 140064131 841449353 901369501 167942421 355588135 632727880 677432858 28446565 835829724 564404953 397032942 572536299 189705537 981390802 877396126 272433663 365564495 111013462 391796213 745007362 264861571 71823025 619986167 715106460 223370243 92841398 833660986 269382474 748564287 623887633 89515779 888628418 465336986 843401632 56570838 820925120 476129511 586520047 701888037 164475587 150925000 98920978 589528237 193146888 932828131 319440714 465580550 298392625 430454175 709893114 895916339 547832097 634232491 515902505 115454908 857602733 461260255 949115893 126985206 62340893 425519878 69017336 950969310 890856863 912418967 7540147 564298334 241064830 446576546 118702722 258056768 597501545 217623699 847585004 790648432 2968182 167025717 108745333 301360806 449996243 818638447 49793496 997828339 305387289 565696001 113283247 162990021 879472607 914915491 142491578 941813499 340435368 211508913 892782809 83808582 976444232 752839307 500623268 70025413 51932204 619325989 328082180 649433748 836949688 175667183 292598531 839917869 195209251 253860216 993795026 645205493 72498662 43588522 643033831 230402302 461800874 608833429 393392322 341273480 523748920 535883899 135603330 716700639 599909163 28386138 800509221 576353394 633741797 153648840 646378806 685674000 772974828 974460985 187624100 462440867 2644519 332738982 154875087 197853769 586599197 148670113 843059261 511614210 44774986 338609444 742016511 506575859 947442872 135408832 847849338 323708143 523809082 983452667 40408782 123718245 864355157 693434354 552587990 350613305 847083193 51483148 888803656 472574372 878460484 76427755 935015239 881105003 261683089 89890325 931475123 848282285 91076789 627050736 359896495 135851774 965660179 101913005 642427632 765619402 89838189 342793321 941843897 466163622 178762340 834769030 442398218 43117496 380719735 847502560 246247152 80319279 898985707 135050807 552893650 629962542 63994914 487908888 363583896 178194354 430315565 295059019 26476638 521392353 922109754 238889484 657244127 740286284 193318841 299671758 358422037 135673381 642465079 152782285 601837002 821227418 987551314 896751572 716861265 368271048 744254131 815624768 448590326 495756189 803191926 1483976 125718730 719703191 341909215 341818978 897897544 772224779 636877996 924374182 146133484 411504101 15780017 803377610 4306736 209098857 103049367 215245124 344772237 598030797 368027409 946609239 271774566 355578722 695877162 841152182 576366122 292647644 656776949 24956447 788403832 312485227 878956774 766638913 32188417 73382341 108457890 930085961 698123471 597852237 706976494 844256954 861872689 722756510 647634563 866179424 931855367 603200282 81424548 129143955 53747430 301968308 75753193 178038348 657547029 624146706 19190529 86429502 916794349 528483830 111385949 557714532 840969056 842859074 176869797 873157472 768757766 137844038 655759784 466881237 735696275 215252629 163654542 450085315 790525491 811289105 168781091 574897209 267005738 102721990 704041163 173269519 404690297 632310708 351307866 62237325 256457413 370498395 1183179 25768114 898982224 112569127 583482645 592467631 807944552 760352441 318141454 429218670 898196479 973901238 896099906 486409105 41670218 59754447 936494419 832195708 723559903 105275509 259609268 843081992 207997498 963650431 16351511 612687794 595961138 367659376 527441471 704934902 590674122 528624649 730703015 342172697 493710127 314185660 934640327 154171030 74538100 252781781 583389699 825250930 79199370 332005956 311660034 120869587 244276755 100670805 805581647 820353009 205946313 65190914 663435001 266460163 881357696 532302863 879147956 329835185 899962238 259105778 34770087 343152712 640246778 765473101 685325408 133956904 932175112 619965735 140644286 859229564 725263867 576550336 684480493 804463236 908556292 848656879 777849174 5349398 949327683 435947172 825702406 7790347 353654438 341653758 274250509 87528485 873956620 5914817 417363670 626435210 265020594 452133756 969587921 905267372 70123208 507429680 891740627 2298320 127395414 884901264 714044235 705175632 461451600 251041079 362155219 222524243 99697957 140004393 80389992 49025639 428467916 906092397 56815986 634638705 100262507 183582846 722167190 826735478 189497662 139530859 305687039 454518256 444180966 127791311 212301979 514304173 635220991 956558957 369118844 615132756 841460221 83163078 320308388 155428172 186720509 682463606 230468766 286418465 674984350 310858757 187960456 955968618 69467505 97292793 590607322 169730011 280875638 165290863 996465489 470373300 304821721 154668879 777407907 749002686 282460190 989709885 115823211 917681180 798785193 337458406 532813935 492761765 273137836 705638674 648189936 459858344 240618632 878658701 746276808 915602981 42033809 786753615 724087950 111501314 884046407 167211624 281231324 17438397 332502486 130213164 340328048 637324207 284882043 117735954 238843244 567342232 959962190 207182806 337539763 758747382 544641212 870353697 104025499 817779047 428508723 752215434 277637390 669127354 483390487 876430549 437246686 525424295 663184164 161334636 636925608 399746922 328546259 770673284 269701670 661048744 900886447 610029717 150889302 38284841 727765670 242248898 458143424 540244211 449431703 795683186 151507945 994072914 518553235 255533443 811851960 947061957 7748876 942005701 616189310 343655714 818436250 53435995 721596361 334136765 67286982 211038320 586400038 248349592 981711603 856101708 909398336 735114402 466131424 912803989 773399242 46413446 155052886 84059018 586657656 604484589 879742203 738165600 451073854 398295437 993699042 115442166 197873745 853964270 57447866 814063054 50136335 728400467 720015401 771732695 62537231 639818734 982771015 501453621 888168326 816998969 357555328 650083013 552113370 676203103 562887001 178028964 722616548 570456239 262087981 161790556 27457179 141830183 752472507 478531032 392641972 598687901 593973197 590515716 305168522 651421063 257095122 355304856 232337881 829626874 979553903 147391464 469445607 814841269 648845084 210130284 631840237 6400411 860213296 36469959 535119865 275616649 67015274 110252765 846072887 329103254 272043320 873530065 323449788 24515826 352061096 568608111 475720078 946034293 11640179 780888599 449971707 268735300 136193455 682309587 98362173 968263709 829701050 420324131 783104977 331062485 630454415 267461565 189979247 343184062 156447875 725099112 618800710 223463148 835351876 464873596 552566401 107395195 190920012 728532541 984427372 542981108 297140651 312663802 341531752 308780829 93552400 644019810 430032480 82262206 178845748 380911004 50525914 8546798 801235135 686147242 192125634 284205901 806125159 382104881 627389962 962573033 107203992 98707024 186036181 942555867 563580619 591118933 902467413 754500631 319651473 739411136 149998090 469308476 52074937 344046193 778089304 998143689 988066002 60638136 80405894 166911749 441549139 983448160 27974898 95300625 522111753 220100532 379506525 180753263 602205412 859412839 143326296 561925755 958119862 181878828 356997973 374216832 772997760 111981737 128717462 92649233 851392872 131231903 414474060 755984161 475278095 45079715 606644201 315860448 105717850 539566446 482772197 547266989 375530957 363263446 642567613 897642710 583363977 22074138 78395972 38085740 734003328 74238619 600011494 692123189 256117446 957009466 66340020 29115206 68991202 47573834 974280790 772900426 31322088 241271201 381400938 359116535 286350915 988045138 674976982 392068765 380127935 10265530 939335753 755658892 373528976 581903365 505817953 956892952 456493854 436730276 847495044 43013533 510968895 300022889 735136721 619602692 109548707 653993093 501234249 31056260 554083278 328031390 803956685 437921717 569302590 37873974 797038251 855653505 878435463 472015233 247722269 258563398 482280762 39574373 14222289 855809737 621477737 372556593 665219041 930487943 809286868 365230436 973501475 172772114 665253324 561154548 792374806 774802030 67663992 293609054 805858290 621747269 621640444 462331326 59668985 43459385 500205300 709223588 899112889 231157114 33755172 146835157 489720511 516035933 38925881 356459151 224362022 660403618 729015743 742097414 443407912 390818963 107327849 416909386 563591076 772581172 978063933 355965881 399899554 45727924 502091287 205757843 519991544 123731730 668089168 432176881 19707466 20810819 141400468 918820355 251967933 27671991 918171863 594204795 543707923 957097744 950663946 620586296 470017713 532196040 362683709 913425624 923015002 322527909 182851361 339122430 95109081 13431646 695088310 347524986 59159569 49695948 553282828 431667465 25944029 73888347 716360697 45651495 94699166 710277516 964471849 199183450 737949506 882643711 793388244 134173780 692257806 596568541 754760076 162275518 981280933 117443784 75701141 756812286 292488045 111068854 95934715 240113477 124500499 643539377 587638462 36176419 693235324 140921289 467843883 719179353 67325987 36720931 764830847 14541504 746998446 729302695 66241305 484947951 464462757 859629549 619121731 9236915 308714441 226398158 171512432 142511725 196358293 99729925 899324011 488846337 210798778 995258725 728959813 335299276 491314453 316598274 371475694 184549777 310035914 691835929 903729129 229878253 728556859 521076327 244419756 475555305 102895373 310661061 813019607 567358129 22806961 284657689 576595043 184037753 511055846 600623827 326549478 707414139 700353751 225873488 196260475 763668880 73648564 925220288 98968155 564963017 94334913 322960200 602029145 256887179 14796128 358274625 486765431 595869339 879350951 731185186 71424643 982246323 894362598 736960601 402120803 917169558 21618290 978715846 101207311 532674135 431856024 280273140 92604625 132209774 506146627 288865100 748395005 432311542 66601739 699879511 997274558 13453003 22839710 451820054 270340181 890152190 810094678 757105611 338537880 689445628 340807149 262478874 524208302 235169746 999439474 926329105 4855656 21057763 757561302 958579318 406248250 189417325 238852457 498852874 174143450 597515435 640234325 922538454 29826976 706836063 474934316 879617886 720289066 350290377 331437939 990629246 92958918 141532617 600251209 431496797 683494596 941058357 693975670 60219250 28744454 693415144 986548354 33600109 566989258 744109655 992179426 825753859 786043331 83548234 177123085 960186780 681063668 817357409 735241585 563406996 376709824 62692252 443024881 96998889 412982628 626979171 940144486 505941546 621028139 392912046 937438342 157039087 333970402 631414012 217258336 362714856 177345507 203806689 248831316 596851116 800432695 93527094 422604975 586476025 177075327 599728059 399179156 710655347 269601819 986937092 274062342 646311642 49629343 569603574 595826882 462611970 196582744 388487720 968553515 817610883 781399765 758508209 974649969 115370167 242438572 44424656 330601374 419784078 248231344 579432689 16635193 48664038 672959782 291756519 487656414 702551461 744000929 739351921 413206807 13602748 726289012 539785500 659914389 628434706 109389073 108257623 91046675 158488168 496745342 912116542 976099050 278145106 523141102 803265370 246031624 765579673 847690025 429149349 37880102 948437720 8582038 54515294 849618109 534058171 198788165 189790874 89125983 942789093 929142794 502332789 808908192 507948157 42118288 321338933 136382862 4023712 429596555 79945889 162511880 926341896 844578782 991127281 57003353 367719883 646909003 303034977 133299555 347115379 732184325 23696008 295553099 593282714 78211301 145171207 979857237 129515817 187478433 68983219 924821262 116621226 423832360 733729453 624569383 318466999 55068385 613468596 322490711 337181291 693414484 337518942 263523186 390509617 328646222 320526539 758229499 975555224 476077867 744045405 175186955 60778543 767741412 470740053 654061257 698469065 468427611 486434845 680501233 655906043 555418063 605322494 625043621 979250422 191568299 102129355 150233773 99153035 715597950 472724483 436334326 261528786 810243424 552373863 652038402 991405997 872900401 262784253 819477573 201494619 6829657 994664527 262273162 627087421 317920931 916334418 178072837 786348541 255285614 858574069 294770936 810703676 316412915 919814556 642470450 360497565 21943910 792704222 459650599 590058211 117945056 748501276 851586996 780704831 300875139 503625398 772110827 26291891 766409650 444104751 227786510 625755658 438769277 490059671 105359430 756690207 258910440 135948618 395555100 514196053 994522687 542842387 177416080 163451953 315173294 672402881 523949517 189633555 317623454 836116467 779691765 435568509 584617743 631278761 68789691 738009233 987420510 840900518 764301123 606346511 137521620 844603984 84618520 576290897 187180006 189977950 185497455 446090445 325926567 433568906 812802849 172965605 976411292 990218929 188933909 291584585 515138161 712883425 481218139 832761615 401516244 113426256 120846475 986133986 744705016 189636166 576659570 584641877 30536683 193477044 190988387 20574654 38081028 275606906 596865550 225261033 318101207 634879357 523867830 644027774 68448262 336670678 669509730 44859554 179405958 858443639 188960490 694544119 423843415 522694981 379822085 825359658 636121236 500668559 664009995 233342603 690304724 240669564 817984479 573357758 434146608 8972865 593932412 324743987 137096122 43314313 550005019 455197329 678193669 73872848 951741454 746641931 263059878 621251183 644017836 294982187 332211173 685494677 989526305 756054588 208189657 221864741 581414245 844310892 722533300 97940592 77653494 412838023 338610155 748154324 986195781 625273114 609643540 432644544 950017100 746739662 475958856 352538471 54453342 154152525 278927670 6194795 753310807 541987547 479962329 249844994 836969734 812173502 935339670 679012390 420744441 143529327 900877131 2158685 840356570 475926782 100099276 770526416 888764804 291225783 371197091 727476936 916498896 980840631 12637831 719032348 580096644 488596687 71570818 634549985 642749211 350498487 493261131 248576369 745002386 825739811 498421362 434488471 490429664 433761031 113500860 911174104 429806709 866894342 765849141 122679631 195337475 718464768 745722398 84102279 9690550 116919488 664095566 778705798 97760118 676733397 350254497 530373113 17846435 421825314 17439449 660595645 624840152 510700579 909172013 369842537 188956742 260109726 804331007 679386405 693870756 770348219 590560509 976193817 489758912 208926001 98873447 685096387 927390768 697112196 621715017 789597670 814031683 138326934 420819819 764308153 667576682 771074315 147197617 685423116 45415980 164637066 198535112 670256131 675337644 107707124 40098668 864294385 220333201 696946026 396197142 914203957 319810596 986757650 742914125 662085860 48200002 694303923 199698598 975590769 391416118 821413614 765188438 57964152 812256899 38524608 674788656 479833581 809598922 821986273 17773048 855014901 986623338 216308160 525271032 514477333 176531635 417886051 231288070 396864836 967348428 627485211 163585144 139675376 466759212 906499268 801761235 514959213 600803190 1459832 490549981 844735659 675389797 108254771 902699810 487646695 146779378 430004818 819996627 956378300 251991090 837769675 663909552 91130779 54077834 41696935 605608111 230609468 459582985 836896180 627474303 279447765 464381390 791059446 419123140 931140601 550075065 220884374 298616165 3394606 74860557 789166146 848130264 750250353 749937268 603346426 90413399 896716645 33351243 910410026 705611296 137858684 748179700 222037200 228989462 654773885 263734134 834597572 885383352 723317119 671493752 365374007 2764883 988391493 8949804 274404374 772048446 559024869 495288747 70664610 562419474 570149303 712347107 263066090 172916007 462284374 866412515 263329405 211517371 899763757 173739430 769645018 37622440 774435481 991682217 119128253 429209365 255416351 953725824 167109069 831249821 477735927 384999427 686531055 466127420 393949230 960935428 90692217 805490450 308740526 161356826 220426276 878889828 873703933 483492365 51805834 188504658 349904879 167651590 252538380 102184987 341391020 22183398 992323778 115826500 13865614 111452030 397552217 121798316 65177853 417177637 953048136 395430132 802177063 492095542 861557551 48642644 453030969 952249767 854133094 761771494 966122944 74559369 493177673 692343228 558051733 397499858 880847886 760472963 565151448 133386265 862657949 759058819 8086014 707498078 727401670 874467980 818950107 124953886 996266295 736644311 394647874 801830783 132074442 196824936 146442676 846148344 245467580 599473645 650914462 99600673 213761490 469553758 26676393 559455515 161896985 437244477 956955372 895261222 197717439 374623171 881163839 912891739 133681989 889249852 620389816 713600011 616234183 291856274 691070248 465016830 881016936 85718122 119363964 865607730 135059409 265806639 564272425 380526988 865280283 67703239 332644012 931558125 537256996 211836756 491013639 699153980 649081232 300485362 446931554 846798670 527624885 328095392 612206760 513823225 69861595 85112927 227423235 686095778 376969200 918493483 3628959 110502488 856727956 122992922 976110217 991787364 388799560 540382641 224830704 106596195 608085879 557474715 38154319 145342874 769311471 381684309 697013206 270909054 682169670 143944759 117707724 62310906 324556502 582430835 576134131 246934448 667543762 803557365 933030225 44512961 574567199 936659183 7531800 283811506 59652104 983642016 275598870 300968016 376541009 500429573 407564210 984626887 910420639 445718528 982486113 532248461 827402836 532015670 803157515 362088857 528476780 773381590 424399763 705549633 355812424 533893 952484080 23356185 656607609 738030657 920385498 83691160 527206191 927917297 367502665 439374647 764075665 495617886 740342662 140616673 996047458 147906871 977759911 758984449 446141750 812762375 291232909 126060937 197294396 94390423 488149793 725771175 720288364 765065907 283837159 76100788 618116151 236321239 951973324 127240112 974351895 724875173 210931271 354074437 505308822 430950287 793449083 121900838 926568173 533791744 262517510 775131982 534214966 92793772 534116430 980356715 905556147 677865691 106417651 102850542 624772465 447083796 681138069 345060829 212149702 964975227 273677968 830265853 53812817 78167643 957505964 28164711 655559168 20953586 234755500 13384341 451903872 28204582 135285178 230988396 414512678 397802687 6120378 948727643 490596458 392753159 929084358 248668956 70618849 888018360 351519498 695391314 335102155 32657566 892968494 399768209 850149144 19162813 82550413 903961961 97330455 40056376 784643023 752889622 913526313 19398522 766273962 217946536 47603104 901559139 448934932 314632133 151878177 455055309 263359775 494990987 847808467 44960484 743659942 770943668 932978844 95179439 318851333 120597350 980353356 211819826 520365558 683018852 230982638 602915970 586980812 180829444 495488697 224140186 933719066 261531361 243538708 552509379 479477897 143658163 306584870 928412828 458290295 310979398 235984488 574166421 805970384 83792954 619126905 549630326 707252973 404622100 497326116 26104305 377735801 330195824 90440482 898101359 13214675 321423119 353533680 452711838 502252563 701538729 676852023 288487980 963070089 772907082 693513710 442547985 916565244 98579 223477164 227371890 163594329 459461651 801538311 969564712 395770957 273181567 371711389 103023929 530320018 869037505 129128234 908055818 51749680 72085067 658673528 917480706 393508186 12207208 222708895 748277100 566262288 899560917 36765079 529332376 524984351 582795140 824396713 294065946 435410071 47873876 521437836 599004399 507335527 175492498 568569110 903106483 301190416 940280499 858646763 831510433 661834355 840291348 739566250 566100386 912376415 250756130 483581091 158400952 115479689 706289985 906678051 681741976 458367253 795959481 63590703 983351603 378754620 887987415 129933901 814164690 935861291 651371736 265685440 295713169 679380585 834254550 51336003 980571000 627051400 909982765 812081432 141402106 602790465 404164033 707502491 515166879 654920162 43599933 673567830 770399850 602406269 432762232 304658177 60773521 228721712 368248880 896641476 459992683 256236294 26575376 126673725 44613936 530463463 392359164 192843456 62360399 79130065 244179458 42931398 706181464 6678575 707529181 700099921 609469039 111693213 260118763 977152269 619129727 303718695 503236450 242045928 906124963 935998681 546704105 819414836 17236744 914952984 568572663 477229426 23705629 447664390 603903150 68319565 830644204 996262314 113679372 893004602 75392378 357858830 935935999 634090194 217053756 495981531 334190114 826522794 460191095 594308877 656191414 79320821 750543923 159427863 173883101 509185238 95426543 573103557 181116425 112663286 340572892 749689087 442409063 364278520 49869828 46312213 285114436 880514031 42574526 398793808 626034984 970483255 609168989 414487334 604573448 826222744 910468864 791279914 505261889 370659958 238105142 161453302 302497131 988649064 173397516 328896583 497834301 121340410 902000139 678950725 86520047 242573030 281156163 528929109 459367901 183542342 575241321 744482337 64056372 470332198 995792496 542607707 293331805 604961484 957095040 897905252 283700579 867563903 541701517 788962467 90740213 779806658 950415768 245753695 768455722 123813283 574650277 118806374 97670044 476650415 650273451 184190090 571739796 931429613 713119198 31107696 114971955 140876871 628106384 31544678 611209068 623898879 426668737 904540872 81376714 383763776 654962476 365077292 103844031 49180344 6556110 47100595 828987002 956971877 292854289 449959075 933301511 867504565 568765448 30971554 196671331 71555250 67677995 768411126 2984863 780797193 799518821 970473169 921674063 280141557 854534198 385399482 904040435 133719286 142456706 837933501 517483062 797419181 55527144 473843444 846599524 62083254 520944038 528102877 19055130 813798326 978061951 804872993 681302890 399343751 688360898 877974220 470899000 756038893 498901697 326400214 389352437 150936869 149389734 311026499 431078425 3923932 696425980 187635212 137643217 838882685 25568712 507642630 488818217 81095855 981486073 187934093 143179108 354946462 716036969 14750590 168744787 546615272 672139934 702564028 945959022 213017183 433054599 416858021 969056075 931956295 743258235 210924863 82893164 892647968 521951361 513971588 749088251 70893693 701606799 739247820 762292729 579691862 99406801 103627298 660787717 933409226 291561390 656483176 288355687 860114710 671233765 309616826 406729981 195890050 12180853 205205354 408907233 445235452 622063375 230479659 229708098 217837961 441404522 312601261 963002280 963355882 679089201 564606883 886765926 233212351 156371054 649058655 812904213 255777854 752685952 326208281 41703431 896763693 982691456 330059118 756878402 506441573 639675943 16124735 702331622 504373147 221330088 111238854 949608598 695909814 341718513 31833048 913747774 783123034 344434308 729266406 598995267 23523508 293873288 338277545 109252211 450244341 987336199 922156423 558538546 592538502 248364703 600241977 341818546 83572510 930301094 98696947 590014082 422493388 967338033 292345704 926866534 41184473 256100909 728991484 737094286 597819421 760824531 503358412 233458806 957775190 232624817 684970425 833815050 379014456 23247969 943067260 829258796 863100519 865223682 240313693 308155372 966104736 840555669 649973917 49677245 623373114 601187215 639691327 45866501 568525248 784553382 825249387 609709720 40654290 406757222 199320357 490990063 20098104 702678768 724448868 977873293 935303584 261935644 664204694 166834391 285183612 607271953 996093186 800482 325011986 88923231 308955853 143633073 929478899 958929769 193310318 552852013 560116984 685517996 451234865 981158583 470071377 129000603 443384654 363242018 388274176 642705010 854232080 408372279 345383778 431197300 238761924 133203713 693132943 902966617 300038104 978316555 362754922 148647641 979117036 540283259 237570871 140589241 683916332 19566122 99519009 877226649 572418134 512152344 415260996 876169350 493310926 885332372 5169953 936695579 101090741 245960480 431916941 955322821 654332759 777300718 386520120 745611034 763020782 79653062 501094002 63058885 910485968 863848923 64222878 742119356 256648534 154310100 882708596 940564865 173876221 834743956 670307865 746294354 346896300 85568860 474980056 692723577 823417583 332666360 481935508 924508323 578626839 913852448 879831143 85475949 543669517 118867614 831086982 306690298 51037028 332180984 222265535 814039347 48546258 139004764 408675054 305194791 293314863 143900001 98276007 467191084 978643957 768583871 66001789 178056608 854152730 540981844 870780184 530086664 873648203 352715691 454594987 452275042 119084490 186942481 537750990 662754006 158326447 221354324 969444304 209363474 553535307 44226190 23402820 454597916 183230953 284594226 759792707 476545815 428494226 858068713 943736898 407138182 479168936 9738687 585194789 185838017 403236882 308491325 715924681 276885085 661207015 23036019 581676478 780291505 209978499 119427467 295561862 368304945 193298142 117522517 430184770 746833448 161748706 306103942 53947716 197496010 590698167 813740422 674041825 19192392 524325486 470295074 278846926 3494421 332550112 864041714 41848790 735786994 25049390 757773470 865188430 686256405 780809488 446864907 319064261 990787986 418808725 614626122 211609283 612106867 732148639 641794052 211456666 746413696 947897993 265404381 943909706 391112511 931661154 470467882 410304903 308502992 940762955 689151828 164513764 125829419 405709893 206362553 714132764 430759283 964136022 579321193 969532039 744945509 878702451 141112651 588249847 150027527 755738772 652375481 762134393 340403762 146685884 826107411 86817458 94583877 91511791 883243515 338212739 875689297 353711396 748517641 184192288 146990702 290185820 348706051 125336472 548412065 555068604 839469235 979171347 371720977 271306779 801219737 116666486 150009229 942332387 557432684 300036756 550587510 62324516 914687500 890991272 209010399 740794910 830325081 156110627 684823053 566084947 494323366 413028701 919796342 95357358 597220988 919303395 385543178 798443390 44639867 933955242 206028345 884109101 765642940 577749322 7932232 419379028 546932159 157941460 361711414 104364842 310494567 912298923 19205709 225182067 655806546 228216107 818493328 338647978 384326734 355832732 904732924 878650099 768861432 677045617 974007456 218598771 448865364 212066985 17042161 493505230 146022226 223070505 230130682 764181517 800819826 238062913 36076896 200268336 248520725 397788309 157149529 559015291 162603584 176355237 784197357 670926481 404571344 455207037 9574459 788898077 811039768 766823734 667548175 579901200 296385703 494071982 798499970 745251066 706138967 668058482 91272647 704677544 891128987 173919680 321375413 544465164 411982593 357452308 744733500 660503317 755240617 901883028 72034959 770360552 78238265 856232316 441287032 335325960 163955704 303377842 124224036 974995471 922717928 644288562 407413022 71619982 138360543 58429344 816871047 844499509 726487825 760660045 401693405 470133163 934579724 723068817 14598327 199078668 80521124 611848178 859581984 688278092 366247557 931616943 458638643 297002173 640365610 752442027 632328132 804321313 55819868 609068519 631833135 831054147 253357080 39246157 902674128 244233975 97675500 572061526 88733483 824163324 332721570 342943239 146812839 119817646 66012055 13927517 318896313 146533179 625775694 30994649 687327622 844539602 962611591 145966265 141541775 455493552 750924643 626386258 112331216 659260862 87971129 744164350 490315009 341328208 635926858 245505488 585562182 733602357 817567014 526812017 410282033 2804935 869755255 557094871 122622580 788283662 571022387 441518893 787333192 49314432 472513541 474660813 893854033 287641483 473143429 887912159 743135034 76584423 366814769 707982601 735845285 454785897 304663302 78676645 648630456 940590160 324182132 86708990 526708868 141749145 613521006 936990900 144554080 335792612 346602122 267176659 124076273 770140860 708695551 763925816 819455291 33725443 91102981 565825676 321366925 564246409 306254186 64501958 640830832 525585306 625000910 229192468 980371202 929664212 307869112 481518010 870254371 632051243 568226999 249479590 773800388 34264356 38986842 770870819 370056967 385588963 38047477 346649592 8246175 599259380 110575407 827701465 632984822 54194739 246043492 954351747 618441148 404814030 871370056 111788331 930399335 348887318 340980798 763286889 278551529 648849909 244804898 1322251 133417503 813031896 250801840 907217890 847296251 289788681 530605060 69869569 527893996 421168889 269035512 536140170 20428268 232127271 216357986 505929441 286322009 462401478 312797539 904763156 867215507 36683947 869067838 650131193 385571264 62564987 413418081 516639144 711414895 510739330 517961394 844832398 176287577 621279585 604566639 23583827 911068266 135171699 945969748 291478613 408856939 215005259 827618782 281801558 447132529 43976767 787730998 733454538 358894596 953044889 490734045 78626454 989728835 212318235 728757647 227816450 274883221 142175727 744455593 986298116 505431409 114933338 683646865 681718985 736212922 140729855 557819164 499797539 128417905 503788911 791276151 537274843 571310521 471411284 819076400 18443050 515388051 459323750 604413939 874282646 264884990 947664335 952909100 107130176 159982569 534183098 334946625 434865790 528875176 931918569 273680257 34306584 46851906 809843473 716025569 635581179 950573327 126361084 987895070 931507584 630149994 631687572 321298778 53976866 103098856 140375178 72419915 471003258 452215279 529350205 197802255 717100268 329530892 3227706 824230443 489513460 537410803 11693419 776895601 66285979 943611987 50575857 100592562 842980244 712935681 669134482 331077774 516025360 795495565 171489195 447532943 278161910 803176767 768831720 332138776 906275622 761723249 257075042 229795231 66454879 638941599 427597485 636071498 968472490 430825191 312818292 310502301 968235993 324511710 87397902 34521971 120640048 990490110 987630885 816136643 703425791 509281718 147214417 71967502 157293635 171219963 519500444 287971896 974396729 140848515 620110671 733188702 755088116 729702065 962983932 821542994 368643663 390581417 310130844 189632504 821406607 622949135 500134804 642158951 947460845 587532705 529197274 920617244 430539167 369344510 736753887 133964957 878626227 736484655 58448810 888436213 907704617 577949253 176408109 734617698 571314119 649035131 467806399 326402234 378737195 283306683 461580 599897209 673888099 310592423 789529712 347811057 933541557 289664516 989970007 733518753 729713572 371683632 506652349 160252738 741028141 95922587 146734046 472170720 832407241 205182855 360606932 592628209 635648459 389531392 179762258 206962578 38566523 647568657 385881163 269820069 930875339 386342742 869717278 457279789 549451516 659246989 657607197 335509425 801427856 500093555 69028177 531141428 871777187 428196877 543910517 612805327 524119463 690644563 84976046 209043055 748343769 298099330 801671264 383992228 687630721 981433521 443471157 578713595 481518529 829352319 848533664 264910219 68211413 718250941 574706359 617662928 230014281 232313555 953172352 31442137 732407110 874716881 415099916 456700648 302913757 959010432 69505974 827033220 502171346 6998372 36076274 103031467 157614053 690263889 487023694 697761125 524213762 930494850 276474720 858248642 612363520 125008383 123158861 680574932 695775675 550381571 298237860 778306307 782695126 103926563 662264795 367618587 978643443 77364710 824319234 134073552 888891494 746341559 961106771 243579191 605856282 849699396 346610657 615986686 392479637 686150702 313747811 769209750 469161903 442738882 627458391 81525423 420263616 603133603 762100354 116039290 6031526 912854565 746861948 788726651 16781128 409126743 8861589 995424570 339007804 685697174 129498121 80415649 284555084 943121243 176511192 890411366 645336991 523121848 358914403 890332979 61788902 672662213 659542728 530950804 115401094 139517470 612476226 388181061 595167425 227092932 356736702 601198950 139947496 103598650 242441952 9244975 365241744 251303540 857185897 704249547 937000713 839200369 637181548 74072148 634837964 813692739 964483513 132691306 189330938 175914268 23024284 251119839 848576480 535083363 782070643 816493926 674600832 247063220 57191338 122284608 474156151 413928040 723483557 466619999 517526689 965925508 328381325 882768432 69745399 185567221 439534330 6746111 24767590 76715877 80818259 512121905 742924967 897818123 644813210 932255905 73732390 667837493 183375743 774825222 55437207 965446385 443835499 730038038 65025957 501026836 852322646 539182107 914954875 428322554 858318457 284997915 394248062 186699782 20282698 463993460 224783354 312333380 323255923 102067295 241565608 256590533 614189199 984490575 6925007 259002408 916746479 933173749 779356252 952638573 560515322 834793458 770601310 4350820 417347848 835627266 357894007 122186845 227325724 125365234 550509398 85644181 262879500 944757459 124860314 283162198 261267271 349643667 595495577 437039545 451710962 837061184 693630077 65900160 674068110 553071435 177418920 443330940 486245183 956775171 395969513 46760504 791568629 19087174 903627675 61432828 854714439 114038034 183619672 82040162 91919619 734129069 20200694 354799118 531402880 145061007 637961315 792670150 494704674 85973243 82226046 946415635 775550779 775856122 12315794 449618888 181443908 42251065 892949828 667689091 999026236 141435692 566965946 643111216 160522865 323109973 704544043 15237303 289664358 888163714 949793816 381583976 622292782 969994510 736383093 6212013 115055516 226860760 798882162 609760189 312834002 881108207 408692175 88384780 509480680 273524321 390520020 690924588 315775385 135986199 211130030 314801620 129938242 630612327 957912835 290461106 953722299 514973229 158214760 95903008 403136942 108008575 477486983 877946076 930519436 213870076 884158088 45574952 440730835 535556602 507851492 606081188 269181160 916543667 546982320 778661840 42584339 937502339 322102779 358359723 926004889 385749160 673161343 55943130 16361486 483590529 198920587 822600137 998563758 357135346 918503144 254217051 317660272 395990127 132163126 100696060 462376554 868837566 146271011 903107388 404394167 506638854 361704927 673575326 275698872 908687246 304753517 318283210 698705936 479372647 676642933 624710824 865121806 202320627 533170305 881483292 538427507 732090891 556599780 389507616 89226236 475102923 643724667 259402860 723609401 628404144 360098919 185985954 349758061 358886281 941609693 754152227 718041486 303314620 280243905 993740358 64518217 437513773 164539919 763224153 916886420 693699203 240451328 782008225 896019829 773621633 516007868 286963688 505712523 72607647 676471303 447455111 400226922 172712321 559374322 123836322 801116465 919473240 162338628 3390877 130875872 103948320 757543104 848917357 259779291 890303360 695174066 324297508 327817132 712230337 87521660 97219903 405929539 180489339 879228128 154465720 954110971 247752347 441429407 312339846 172876346 117900709 759794956 425619619 143129382 171685629 401972292 944245846 91158868 564310919 947636722 74551091 520775591 557696177 775984799 633071233 300515888 323675217 957368740 628333020 35905553 897406751 725552922 294351443 77896090 457297401 448817162 884523412 557566100 742762920 196863257 730442445 713179981 809174564 8578415 856309362 980860192 410550706 653071559 924535411 974861625 453224632 999086501 348153567 10920809 627587652 981224799 163953048 951262868 791109891 792286067 987168420 541032993 370355341 134036214 471445434 680169093 582853376 208485198 237735192 178132647 405348454 820693988 891312627 67039370 829272402 747621988 47899561 239823108 253209898 972434972 67201084 706434530 824037824 267871002 569871690 304141827 101612152 733824737 255404694 892722042 378627156 95089465 286271387 748982496 229125679 610233172 281667940 664495406 818718369 519403132 842628052 76583175 192613471 733940679 143622544 21885873 334079018 191522104 114225332 587288916 16473427 181426415 146239797 693027603 449297416 716111486 997169429 550909567 449936222 105090475 296147961 828563377 200179939 434935699 430062224 281821969 45168870 711730164 946317374 863887239 83649647 788945426 940470413 276263117 375402456 84092956 150665341 561997825 128131411 264890672 1803092 144604838 446317086 148042888 690148792 748130853 864154373 687318220 151556772 166606947 792408694 447704732 995170323 845104985 882640430 277748899 126926953 780325651 841995414 73244327 496729241 925645060 714706104 289716005 54424528 942624911 226325312 205089869 504622735 354456723 469980540 506425827 351577912 768813978 654468714 41726703 516944830 371139439 581561274 668501601 537746385 226486320 968722684 385433059 71591304 703879465 663181957 51034608 484205116 357693722 976795286 980934356 135855133 544017741 123166713 190279661 486642651 349492024 247885881 843781738 703948746 717866420 202723916 908043009 339196749 857192629 802286063 856141579 80848419 236363689 377159531 618594803 462850008 198398567 4027862 386957663 902278031 519726170 290508622 238999498 877419892 267303908 72450206 13275024 811321648 195616918 56071036 150480651 545108941 303956916 994262388 101574039 21823336 49502655 9617047 213536436 906695283 811903110 69678014 987543702 48266798 299353897 458654856 363633157 497752463 462682717 603107171 252546845 982408887 893615792 491546343 712345130 13436051 563996548 725620153 824757699 759613465 781691189 827754701 304722405 85648104 674533440 406296443 959987791 724036094 268429842 26040579 483247728 80332951 95718592 323307781 981116100 247588840 781962637 197265608 597857654 97161705 800372778 850404499 79570591 546504921 341950841 644432072 559940972 905947388 222568577 237215022 518077204 4259765 64969722 822799608 942424220 739503161 81612403 754928363 316055606 350042244 780968941 799303333 282891546 729203884 122611114 116523997 829309076 904573750 166305956 427166729 1735454 966678733 130087579 933822397 365700005 472038419 430770820 925640976 230502158 653339396 162855997 748579361 510115512 80342070 423895321 305056084 819845230 358024075 59984446 135900835 708066318 693469738 787720520 843474215 275189973 910331633 959998211 104499048 667421734 126304166 384182129 521673539 945499250 514269707 308012287 163715606 838824478 738783107 89356582 69326635 244638854 104728930 670422348 754754366 185071000 946834020 59810449 4916229 304858094 972311246 993333416 865440763 518297335 633570287 708914977 793487307 396418271 521429539 750502707 63840004 500250056 987201187 438029894 298265657 353987245 598558533 461981262 192811722 189857991 403854195 114654709 434496844 508583125 637593408 189251209 693654124 584427427 101578009 551086704 741801872 73889254 396936471 607242634 592186588 30506757 168673962 238190247 426925027 542619852 841209305 343281382 42869907 828410491 633827628 193651915 34914087 232386160 508149528 227725809 422244150 912003723 194896869 856740993 420586847 832490276 898508554 114240970 269434054 86562 517844025 11235925 73975816 914780496 470994910 518678755 945287252 639668871 609385353 224728631 34805074 450594657 420526364 77674980 131521499 54353991 123843246 166435586 139256502 631992773 246677746 561500651 396512847 441574614 270757996 817099693 274064889 21782901 783857014 543498942 21869462 154217391 407251218 948361629 68997886 878246127 319556736 866801489 370431349 928942088 91530119 405236422 232053097 364572835 335427753 363574595 418926825 459270998 382526532 558183327 943780122 629204277 972200329 340292969 70778890 95474676 9909013 197360130 117257576 646282379 740859071 139127038 800499769 626640 87488666 869497654 878872766 259561753 588815494 249304114 188503841 532861965 654540535 420556937 897434799 989968287 636647883 168877975 301755636 19174415 727061301 98052110 648378691 551777982 438345078 571673933 647252657 300770442 769034062 764510233 947052820 362409485 903637270 747552588 363036124 843642287 469566593 241908890 103204040 58382087 343729355 144224232 443760403 998269890 417297520 341195201 840754528 53945402 510073175 995026516 73119816 89650828 93078625 574014859 641428809 383940054 145688791 141197817 684710495 767239204 905708049 631763315 129648688 661861670 231832254 492684812 358020309 553915199 587110053 313740700 464813637 930839407 457964931 908574039 781625648 875262450 102285591 474896528 781724203 612358765 469923043 707360371 554525944 415518019 133891581 48471104 799458072 132096723 189668921 484168566 899335926 95376969 968448232 28984614 757238639 52796838 374185777 115258947 606712036 961295829 281515998 71525672 744651587 739480928 980099710 526277235 467259729 82385300 1173762 101500283 547260416 323613156 808860653 101786360 739131174 942752233 2773815 391105597 74848955 192442735 875274162 974184881 287819704 696238746 855685846 897574694 749035583 82387974 865349992 355747618 896200154 146865989 279789641 640851740 738863268 112405702 19645326 58639348 47307353 873335439 160139630 594567768 49464946 969000283 548870479 788596119 911752515 551644294 32218067 839117822 744087028 907492229 665819054 884423083 456247326 374021251 781997776 205282908 456409224 499864119 413546877 205125729 646730107 693336517 845977468 238109726 805742218 718139146 296749073 853049570 591474584 456888703 300133689 640939530 425888985 849004168 282052000 190157851 253164813 314270067 29275672 849768192 74278647 547611077 734191275 530525972 921632327 368705402 588325231 230557902 868569521 1872107 435683630 367815979 695208623 134177450 605925705 353467192 852316595 902674777 206516761 296307530 212079831 506650449 937247059 637968815 208170968 71815411 680643018 313852132 238601829 562435041 163620324 312880475 110046118 750327950 695922798 31678444 119033351 284248028 114752698 840119223 138636486 550436327 60451554 833845108 684613776 518893610 39828651 536930370 274084738 246345411 833237900 486164569 605512211 623001310 124133383 813683179 547333072 657292752 127535310 785934900 219727793 143671985 98815374 182290262 893999934 647254523 66485057 865549637 931502550 181237754 558185211 70139035 731674081 471153116 756500494 416287856 990046725 796329144 805734578 264131463 895190906 491488829 750296031 500703117 114490138 726945765 166902647 514339562 236754869 146954308 300274461 456482661 143142645 251606187 638772922 37142578 898860709 705257978 755208566 682879611 886495732 165910129 605534997 470686164 637063244 214551843 886974019 479626321 863397338 545224948 743757783 758588244 36713776 346570165 111807712 3720266 926032281 131226710 518059827 162787149 278181017 670850639 471786161 421323661 922456825 110559082 310982591 673833886 668333412 918707508 209229848 407345495 84617636 667281196 878031658 574197232 881833038 617522028 53823552 597746728 15263328 650097686 208851323 51977103 849184202 320659034 55697368 775216482 451885743 426273546 790519983 582583111 97124185 262306143 3906772 872097361 225381577 167405714 398447598 746231340 86113221 460193797 6093186 23247209 127474993 884124843 449960792 861824382 354163222 356300695 459571109 369426549 858914732 668422431 273920004 708098933 841597816 182133723 335831766 145999910 608407269 126351748 728583021 558047805 241174243 585006144 282661517 319072171 752411857 533625467 65303510 691041429 993819263 71396695 566804989 121294255 808037889 869282132 835634989 14717462 78099178 147722449 384144011 937013909 816144880 658064014 497629193 510259047 840197736 833460959 656258957 301121356 812329058 384841977 711685512 906019652 969848120 994347029 225091822 574776328 380488847 142911683 118334108 374308109 214308377 537655449 348118716 22346265 406937580 36270056 37063727 485036758 183992504 273724089 274567018 137383 784304454 772196211 362912782 477018541 458173521 19171738 778139897 123018930 256530066 342341760 29038582 78894537 189205140 106646755 653670864 569693986 249558438 624521323 944002095 463866814 162176771 144637162 338729431 421630703 180907217 228309509 906667460 364899720 354549949 33750829 217553455 138854402 805947039 580466236 615872942 264120559 452154325 246529190 387139489 708684390 588870950 268694422 787578926 778076089 375341176 293766141 200286427 624899613 918287463 144288521 88766427 80464234 141442034 280012209 354611288 174865602 360838069 113795099 539765321 715388017 147545927 609835127 854242418 953492966 42817714 322631711 70129876 494972038 421677253 457269364 203656427 10548202 725963785 991235352 641140642 101304961 137517844 841427068 578720925 55805307 838231940 520003703 988785892 832190325 800015911 343397179 7055926 13370331 457192277 399337599 728758347 604738203 9172725 435517116 410747520 51990439 758148827 480877396 546962476 32342431 938146759 603135255 42890632 516626896 446886958 536547625 470448208 584404802 230491045 49169132 640210108 921239336 421689187 481512351 753429661 74221449 824909529 613001938 87591780 134618157 12339536 816350126 591872711 21512261 251867242 2620231 926019051 862532420 483497626 325497878 894874850 274160736 928633132 790281833 643303983 375520090 179345809 113752190 959924891 409836853 15437674 452651350 183592541 289643212 934163700 937022201 363864660 611589580 402540490 451456439 598724088 414880026 267806565 190596798 288908638 372190158 45733380 67444040 234722577 529231005 392941917 129597426 655908093 321575049 772395610 299212075 549611490 951741418 265480617 362052732 214094623 133434642 814704081 397687163 423077853 601384132 187225715 786942512 65490063 589766204 90915303 664214150 4646229 358721867 707327299 146071218 730912024 753060679 213515257 818150952 134808035 606457174 800264729 790716127 780548574 572660338 89928202 330160063 376918107 207925170 692212794 591012729 193876163 359433226 988699891 616954015 813333709 175925605 256412878 878823771 765691809 347328180 395554272 622854389 558566398 102881570 621441959 141994773 708458600 834957215 960145724 843266635 293930740 760410452 633982761 74479313 185587141 576427314 257155727 562505248 636868835 801884872 6034328 830744997 13834449 994734219 300215363 827168157 23176175 556628241 558508279 788867983 756472772 954062550 264238724 315039170 909460472 885680682 457033942 470435423 573154248 269696018 313702057 719601340 30106469 800201170 646597004 68209962 229144835 903752731 483231561 866013670 558153954 489265888 696758666 571988403 484000106 996974029 399156559 507176281 406118621 957664838 148560615 15107744 764243739 265315690 330146913 526220562 3512723 639697207 996655985 576666971 909393224 162874393 148784662 792016044 963075562 795381665 860226005 44736749 551650747 195973917 910750418 109804701 685239805 460025435 681793103 21756262 309515815 933466013 528932542 715634435 743647202 530009509 730742179 360407293 795325198 913405443 886627854 798837921 553102649 735800190 228021243 315012224 751190935 376805904 107028268 566782848 172187568 819770624 611519596 723838315 15744541 522270013 686159367 700984345 982295448 220468821 722740606 144327614 153934833 104189500 859962049 897582035 634199008 443220579 110505679 282040557 209142373 997133532 80878477 762245022 585450074 308899719 77257245 189157360 685705622 36801864 755940207 710409542 856572488 367459803 286764208 724833380 742246167 972923574 278334076 577057966 193392394 1074681 721385580 199843578 957780532 433863980 97425612 444495891 877084558 60447642 726536448 86226930 57581174 807414924 700988303 495547599 968830995 630761900 684704958 507052968 520080115 293161516 217462509 229168954 660621318 504226716 954002333 255383837 329666641 232336408 832441802 523059034 85927441 553827381 722902612 43707972 987691360 672844575 340720215 717292269 733292217 67256662 656035551 643389742 727187937 209540205 991453692 696018931 692818456 528675001 55588251 212898571 821836516 273050759 442067524 334974186 629793827 248586209 590358022 959460467 480922616 422799823 335035853 419366408 829143556 57938464 315590732 669351267 583299390 656310946 239159888 169107958 723567607 895195438 665014051 303271895 957251994 656467742 999290826 650070450 37659094 54879076 715485372 859495610 180446186 10069247 194469795 810240012 258655455 784827816 622216831 739578071 60143990 957252683 11460830 889287545 867707498 327051561 411155164 303523239 983362506 650315051 472631197 559446464 398026840 137645247 862718359 355278833 646629341 714525536 857865634 684288434 621920963 573351005 396300395 802367148 583420252 590770189 465123512 842075706 228114356 87340342 434170128 140774698 897109376 445630958 30062242 764816873 772682518 293733757 68340111 608561376 944048807 393487659 168007839 342075646 383649258 30726197 549870831 882794950 597768084 407736464 419599735 219689046 833603821 815900130 874572546 269540424 259186670 192212409 111616129 487301026 132069102 398302609 628075723 29178477 696449918 510654316 646511701 321648787 804388073 567368163 930210162 600953231 960855822 98218001 943028877 197021431 981460549 345416059 79816380 431744985 753152522 351932466 651434030 439272694 167832595 378522927 708813117 427019265 570735335 672945598 766836642 702804436 71248206 247428716 731982912 620214475 758083031 231010964 941863261 414987455 798379127 872073423 15940686 611751300 822807775 811485914 808772730 656784675 9418324 741105461 88529659 762570845 93037926 592480041 54359891 113386873 971002967 763173007 392922489 394254654 436118604 159759130 97059089 359883161 407187845 681558353 980097635 17787227 912569316 774477248 285291034 710948442 499067022 153748071 175216093 174391148 965233984 983988822 831175822 974652307 577610634 772221833 589739503 523164912 217218225 644099393 489068136 40737543 259788752 881990624 434992196 695907355 41749753 384567637 908306868 301453949 66125989 740920854 171757527 978695304 515398101 457048560 542160098 14465122 610796630 717376190 41372621 428546965 553881364 872548443 255715623 984008349 497286627 845455126 359689612 567021203 342070870 848757747 607758745 601859621 730748370 895267293 150283328 625014474 279834929 58590195 778984774 198477269 652027400 950742301 29688924 19941853 407790860 571849021 34406974 18587490 141741563 75779595 299650806 548139278 800844389 555366429 532147626 150647367 253337906 891837238 717668569 595408775 593111336 177943665 49784748 176376058 73210957 52584427 801390531 205562237 111174621 432891657 404039505 615718372 383633957 433728429 635660224 643941168 858093801 522583550 515045009 999835363 450879496 814695815 400490992 104240236 370062243 932638618 254887602 623400148 676992207 825072522 71325274 122619894 3016186 121110021 298995951 928743495 26210799 100386482 986822083 137385419 385794490 243377940 605620143 769428446 677106368 241280366 265885965 387716520 763863915 780930974 240068235 67259762 595626788 640559226 171499997 818205382 425714195 426387598 294121881 102706401 103976471 365447154 77842647 106992657 339073527 376838597 888252503 365284325 329741430 727590937 355186096 715535919 970968876 960806238 337480716 500591595 54602955 603366681 888308115 670983222 384297654 128376349 738242983 832440793 768935574 909742980 650646174 47166121 188646929 944768054 2388873 292623400 162731559 80231519 252132408 354321437 457070116 140384910 719605762 786811545 720492198 927308209 502347464 691461074 740630798 839828179 44569020 795233752 295711211 932877134 318733325 680008864 61253482 56976308 364966008 682705408 966719287 15612181 729871528 7882567 812896586 732260400 300505966 828144497 812491919 552638373 182465933 122078386 545539634 754588046 908889930 266031832 681896254 263753745 810009257 275043403 103581924 854578276 70277155 251809486 787455410 241526831 931818350 701225243 298503138 149300709 236447002 117738776 17429242 818834881 125621343 830325827 403611633 426127308 510986675 68619903 978765681 693452608 190698288 376821666 300557005 99588217 642853497 982453259 363341962 305379105 110013013 319440237 159957381 32806519 571249722 799929142 274333350 355584423 353670736 572836487 504885132 590117738 543091615 522314373 261468970 668712957 205156551 665080602 947356616 716143226 733700504 778638648 262112185 924398791 155460314 562669189 23987008 650830162 397638799 239845321 956209267 507651812 411801909 116166647 540458330 983051630 768612140 814791679 191152405 122282875 240144518 548553888 564916964 783236132 70868260 826385934 304465440 128541162 491466535 104338407 697200739 77683391 882977055 959312923 2082181 38437368 374498464 878585540 541783881 624653614 118430860 497993147 132305425 382749120 466676145 525280107 218317102 87804636 192588137 409469506 210087511 285249006 958023393 775004474 68485137 881408004 453906759 225466928 862465517 945373294 329805335 559666256 23056684 65298741 371495530 877655216 103736108 598510345 756240756 498036340 223163959 727187967 996029487 207985735 109937087 315221983 585782193 180770540 403026619 778370330 590240045 465630481 63619335 400779789 93151306 984620824 134704144 547058065 62604103 997169660 344947710 244925789 409352267 220520745 310224529 633364149 98175960 266476988 231874493 706933067 764513328 307554803 286637386 613059166 515540538 249090824 928281148 101322730 429861363 183824118 732209411 20101407 649454598 648345098 273397547 742605904 485482273 260618042 142180320 400602727 110304053 487128029 645528516 519656320 707648773 955753044 5536820 805824732 222230032 237411312 365274151 986743359 544966115 651911536 452318876 913023004 901002359 233116375 866862085 330863721 416940493 451587848 203481479 918911442 99932945 329395377 514033697 437931569 590013418 656214016 838534295 700317470 143342044 336579162 72490141 850990816 292332206 78026960 509331900 367078589 315438272 874606050 206338299 712920738 379033937 658657174 625943741 280036295 891773548 345322177 463416367 161230392 796910024 666897845 80141834 749359320 996293221 594175530 39807240 438822990 102905898 878341535 139140459 246247941 67437048 211630600 949755109 359769253 289657559 311603360 726847841 457612182 38725761 933186139 170532919 417759697 444359664 648993011 697795991 336133212 994315188 13728709 497363603 791225211 680626553 430021788 393100883 529436125 24197318 432908122 968259114 127103215 163766008 959915924 225867507 231203056 24062875 28138967 590972308 313720434 339742326 170336501 771332615 378468086 956038991 794381886 796227782 400398655 443374896 346540124 589048218 290206435 360268832 86411820 81431646 40895384 368949960 327048880 422847860 245663629 759957001 243623325 225283195 923723009 56055601 451150701 154926064 80118475 479289668 598414723 393838908 819031993 768751223 17687875 50016431 577306566 812069760 846244212 977705220 107961007 192784336 419269789 398167442 553053167 358197960 332115439 446464903 727147919 659164318 721829114 972811547 271637670 965452439 198094741 195360678 21508039 501761794 202803093 101626513 981051461 801217816 347981773 652599805 422485390 218185999 702616235 999791955 30255758 401376799 830013526 990733116 594161134 249283314 241416909 999730652 607481274 573532347 298711906 187145544 85213016 20541020 159957091 356850686 838509810 210568183 404727715 712534200 712329976 607530808 666677064 545897788 408748623 14658836 51013945 831234012 85361186 753630179 683542319 115616943 7523329 513555844 958866411 601684462 615355510 200283319 453931466 75353135 626332018 752643371 262498678 711545033 773184390 422455768 920912070 464210551 633023951 325639785 176744750 197870278 933170592 843421814 743768066 194435566 710597001 794782010 878185929 795958187 400928540 561728247 764091481 408451869 927800443 575474243 10136330 543155952 775757562 316584147 618509086 254605931 69227518 881007763 966150963 694928259 155979883 739579385 159138810 641520185 65219169 188399911 839390462 850906112 31821724 583158527 897858029 594935077 230456888 776043957 243409615 631385428 190288556 860017447 39837296 118088998 435491690 902489977 513761301 63765603 219074124 984786738 318371533 140817993 718310852 137038847 835746251 874290734 876618231 994885060 368327270 794353751 35801323 207717732 497776214 67623046 643392610 248150594 515074474 873849498 24194551 611000440 505234925 66999458 471017887 397588572 37604807 759025928 300078548 403882459 822791530 371669023 388669196 993679414 512487015 106980047 130718260 348233266 833787133 859852843 195634677 54630754 506722945 231435999 262348485 857015511 151575397 905741095 105166104 519166222 632106944 981877006 130166662 137341868 48876463 453700900 387446791 938997621 212726827 687525338 342880079 888034708 59194361 584065626 881714121 424197727 543562025 864948732 772430992 229865509 577317926 820582021 284496262 936557223 52018019 546844747 793572733 56109767 305102193 751255188 575275989 937209136 733132194 557959002 927067355 634525008 11659901 167030497 426038981 76903079 854555834 768919059 964937786 766266546 205501037 699168258 42980625 749063061 416633341 815411616 978928569 993951267 488509988 263424830 783024841 393044359 662785928 429113925 449154125 967888120 180369112 876946465 757613607 766017657 434905466 537197313 253059017 299081718 704227809 679097997 375984796 411299995 300533407 340922581 30082892 506034443 40090838 73063516 255097503 309240531 740991484 86542423 155708149 229501471 349967253 938732989 622545829 12753180 367846913 924216306 833157652 400732376 801162770 443287610 166750033 88584588 833001275 419809049 387666305 389745435 98907045 763651101 801045429 251956803 957090033 683644673 757991246 849697223 756708188 13088748 158937753 350216023 99631171 314645901 579717494 302114775 105895241 54779674 167384306 473742153 978995979 853058309 874474528 632675101 148862271 893740912 573776040 981863545 166066312 961442344 371608979 117489708 577609796 25170760 369446511 387216181 708815432 127437756 236913403 318039971 993042855 248367507 668255994 945190377 563013407 100489839 99821503 668908647 7785864 267205809 995167151 986781843 120264117 722158030 471973295 121642739 615898942 45749334 103506283 781965253 859708029 327631614 899454961 289834177 352802373 121417823 677050357 914134156 248855578 766480111 84690478 94414784 14847617 752946471 39605161 430377375 705952661 139426663 99286021 713738525 259148823 946969523 553036719 231929292 669127552 25010013 353572030 137542845 923275698 457078313 772024450 635500078 784709926 523995762 777850606 990028650 645413584 307417314 904162805 894269161 73897424 988853282 988683944 88745040 594316105 880805456 371638766 152785117 20232119 323441138 866523641 131897293 270410660 419560359 363826584 792054564 297086723 717398614 929597408 72878772 26993278 554138209 560895202 811703203 78133970 338745807 654248204 723547553 646163121 410927360 470333065 572576896 252296993 311533361 513838288 846613097 44855168 885477053 999398214 65087286 208918191 718438206 49500931 331845202 137998565 413327514 123899765 287601639 130726127 906013525 212996763 157719404 460151733 773891964 821938958 390802055 112637770 476187161 114349607 611317242 887114520 437199024 36410490 139411513 601248736 550248777 838540961 646103903 435725829 690455526 563707541 497160371 261410084 613208471 829005573 251925000 26535984 952905337 539526638 9778463 711435213 752523400 167497866 24103298 378931715 989436824 414905352 344085837 318140336 381771310 955403078 57771208 818970333 991813567 49699072 272735420 394578695 740756384 918839323 830304524 283728262 482546863 179981246 545138345 95755333 8986818 797063344 974807668 814408507 189106333 984586130 525843719 941629733 4600348 549947016 173077799 994037171 964852367 517163635 164693858 199140029 325083065 74981417 18110361 169412983 124680488 143362133 563991678 865436872 62201455 246812553 1681485 397264669 426793798 546819829 345536353 435780616 343883172 320344020 102705474 532989504 157446502 628549192 327135588 162046849 31012560 500213387 8600371 848381278 17377021 173294228 47521306 194976437 248275645 918148019 364389420 225472484 61510151 928381097 90909355 123711605 175193649 92590839 373492625 601987446 491927019 719028977 890284413 835810190 39372996 992989886 221316046 49335849 474055430 400967985 211382697 505067989 901181371 219983067 205965618 771074744 393277295 253486924 966051180 494069291 24151294 182956951 719541774 85661444 111338047 662967481 61889400 139048047 608074671 435382024 741035493 100001690 6927352 483836257 788328231 46300347 476826143 9644276 95636196 950881572 263128613 159535244 308465912 16826335 379518311 514431529 787901078 772795605 620434804 606468610 119381247 644586097 789425560 838923020 730247540 753279959 501890500 644653291 892328005 109965171 80035314 485879849 62483212 86962665 969716106 850811442 985779364 299058600 712972070 933931911 102456523 976100682 93467154 410922434 992927016 325501816 777870314 633344446 98297420 398305118 92329407 70195018 42891214 734271318 909118038 625655106 487551276 263524889 122824748 232395633 226006411 55376414 718275481 288489622 142339078 687991586 991817416 980634793 987050185 557305837 767083055 89506707 385922870 713066561 352945492 231366237 38568376 130815806 864710682 989382148 381637275 809556440 59577165 277044840 543827758 821211554 755216297 883895385 84736443 878041045 116291017 310742853 933417458 834566498 451748827 928272887 375074435 443566242 761424032 214640972 872078 381023438 156664030 239311299 94089998 362125874 470677535 985174726 345458031 187904569 827073225 727095305 997461008 739166741 856656496 393805117 412894647 611872793 277700502 497631089 342430189 246507870 660890293 275847646 81074367 112639119 56636884 308665154 408721712 818060915 375822477 262110141 199084353 532486506 501421439 145690702 894612379 972098974 983381779 92586761 160003542 662971355 819682065 9980901 254654448 528854913 403786018 667549094 140727705 681486519 17696534 335674245 927994388 678586826 611521890 861585107 791225945 668158773 22766612 52464008 338736040 398589088 314574149 537820392 783591945 815995587 536027445 530720676 788094560 519409224 623307436 800614453 34896930 295505853 810595354 289551377 824360765 214381371 957100470 817604821 748384241 974797003 153279065 528894980 653383829 617317306 242996438 297126125 137992430 265763049 349590132 476728469 516868488 664164280 14548860 300460433 332676219 403092657 831181108 120770778 922501880 307004895 773901583 957398809 602510747 584496936 99466538 426871511 651394658 56567007 96992683 399778898 31364010 250271747 928673877 537264190 867589052 24186667 686906666 5581482 289949715 36496797 334826302 806818203 553177429 201891514 959794987 885853647 604984170 643492446 859140776 380002401 950497340 485558710 189917561 553008087 70055645 289384098 832395949 573966654 345951105 929388632 973745551 229831466 32176730 754935780 619612007 899765782 779122446 306518672 757863615 921588512 195531820 92689916 580923066 601225600 147097781 540718052 339595598 752081950 36726849 51252726 132084350 987224189 536811435 322001911 392748627 459383432 611386008 225144575 33350085 809853464 7049558 859611988 39684929 39226288 467064119 511813287 938992069 98702916 818331958 549372035 20291427 866380130 494578302 601214493 467605729 641676083 994448896 807201327 246274384 31175745 858454052 378358734 18399933 247781838 552876996 263664911 707165269 16779355 488809485 740515354 826632819 495859043 452643693 718834099 535085330 919707811 230647386 326593750 18410726 901495695 728482136 38702152 767875824 75576789 492432996 87997905 717252871 339398244 747715583 963527255 370573988 458685986 194402340 241490272 706467823 747279335 505155182 413633092 764058689 846481018 6664797 443207859 194856412 459308489 162041958 729941741 231532651 245205695 909051842 249943376 146701389 637533977 141161879 767093565 713110766 486111227 855091469 282879988 825509470 455323403 98923594 48599809 914009388 145842285 290090080 620477210 893121619 647761613 886626653 509696660 494242630 893291449 952904518 689099042 205116289 967462827 271557134 436648939 212668521 33125328 539108666 211886262 670659304 680270545 978979826 236286421 18898123 686587646 371682761 844407592 141911048 470606354 893007400 55920435 616448639 35613831 528913996 362086609 683375443 268057001 724299620 30134424 13864801 529720490 719233465 218981090 497183316 843306951 508146380 562368189 876432278 47255046 774254450 399607933 580041942 753234275 635894354 598940064 292338272 7577114 443347655 434249319 330699819 188871406 342686105 799664809 224485236 724116452 14267770 907860678 992173452 738567389 937995101 6038253 268287878 509744918 77535694 617987546 353051868 585682073 180355734 82000497 632937118 954610183 481608429 65495411 560360809 117502782 664435474 852699080 977596247 107783128 139464750 160812418 149170885 334667206 960477226 373656120 58783657 974744995 281516797 50957109 565828736 72028250 909511713 834116613 581773167 987047406 304620510 934825034 572729478 484976243 16825530 58182948 292102777 350950310 123678358 704979937 320969444 788113832 410195368 151082042 748413311 549660117 311894459 897584196 884327322 124888037 123756667 795627331 952149383 405273464 699100791 517978118 477301713 608612503 204611083 59074879 448176260 509231592 846416264 20905737 846724187 715758145 931605036 138826963 66708454 55283394 696323252 240194249 695913577 106518619 391276291 296843239 508695088 703170749 46943786 245538761 680575137 170700453 41166091 632724520 428490268 740266881 3218989 905791980 201395735 60346423 817383210 649571994 569578015 516315825 522994083 268818553 84590321 307115470 260161867 3815126 214915215 956485118 244009375 910828791 63003737 635285665 60188382 424215176 190972765 107132167 669753936 871547902 130348971 710920027 356788773 558839238 303703259 212524113 317147569 357615346 272870536 987047130 7187339 842448550 355879306 382697773 111267102 440469626 689813243 223945320 296801104 904728457 180430438 540810478 668073600 95950526 28612494 580778333 520165701 72101610 540426851 42435988 943649511 670775822 753356014 152954635 82131411 909575625 365478748 251795332 267190970 638349283 238842461 126894660 333314184 594721767 362108785 297097637 887707744 51922027 521042956 184508847 809166835 553989745 577835676 329756786 649940270 606448169 910535118 22622322 678549779 303478321 65058310 474715641 974254142 670930675 480186628 908901904 580506299 845665375 160697235 700213620 336531009 252056048 827108280 522361544 846777814 41733416 819459180 587001909 93655442 193018487 771510756 755338628 747008232 201862783 937611766 249464853 808310952 700663235 124603527 339377082 4141555 189661836 666609074 830912048 860592510 146795701 739813952 293615161 844977427 753027538 993828780 34024787 5083585 673453411 556386330 704377750 715186826 228361861 291379659 661358619 421380348 915406766 269213599 20904931 117269548 59341716 122886135 778096851 760004950 247489661 117473932 764146505 437151496 636599358 447574904 150260358 783395058 39905207 296391870 480888837 792932745 142737001 514913623 798016329 816190412 71299953 354910431 383893589 299661813 646290089 897768560 573558512 414213206 19498510 594463442 531482753 78840225 717349577 162095956 838845174 964839237 132086239 455508030 254507085 768685596 903082934 257283794 404597006 942988140 553675663 885485842 735920884 696412663 400399464 386453565 365119426 324215768 741363995 749013015 623877581 240170435 499297926 49952444 654383640 518796435 644415886 38382744 597636659 214281814 200478699 436481832 31637402 332564938 891989862 138660838 101250533 647589147 395944631 358363890 590577286 949620293 243849731 179014522 646032956 496765547 417984438 11152381 820981314 11864784 612681747 297375246 252035218 111979672 347327690 758935209 483292458 991743575 797317952 80929116 58541740 850313003 369927300 90179141 35394292 114433513 81356331 136644824 762022659 477300961 347525066 205116296 426921254 591374796 384130817 925470561 88140342 802115254 789139293 761638008 813980037 254337392 59013253 918531606 218833415 406340942 677466814 702125873 250600868 327301118 783054988 161658959 30130472 5498639 104354452 65524763 119932151 185710782 54685938 881954809 663011742 402211003 87071105 89932995 993585799 323718273 867919907 934242492 125833527 657059200 548396851 792329915 911396591 607410104 563377873
5
866267397
93361038
684872229
116868265
420662155

