1
2 60
001111011011010101000001011011111111000010111011100000111110
100100111100111110110001100010001010011100001011110110101110
001101010111011101111101111011101010110100100001110110110111
001011011000000010101010010100011001000100010001000010110111
111110010000100001111101111001001000110000101001011001111101
000000100100011101000101001100110010011111101100011101001010
111011001110100001010001111111001100111101011100111110000001
100111111101101011001010000101011000000101011110101011011110
011101110110111011011011000101000000010110101101001001001110
100111001100100000100110110000100000100000100100000111010111
100110100000101001001001101100010001110101001110001011111100
111100111011111000011010001110100111100100000111000100000011
100000110011011111011101011000101101010000100101001111101111
101000101111111100000110101011111100100110101010001011011011
000000111010000000001001001011110100001110000001000011111110
000100111001010111100000100000001000001110001010100111101000
111001010010010001000001001011001101111100111101000001011010
011111000000100110010111110100111110111101110010100001000010
000010010110110110000101000001111110100110010001011000100001
100000101100001110000011101010010111101100100101110010111100
010100101000010001010111100110011001100100101101111001111110
100110110010110100010110001011110110100110011100001011101010
100000100011011000000011101011010111111110110001111000100110
110000111100100111010010110001101011110111000011111010000101
100101011111011000011001110101100000001000001000111110010110
110111110100110101001000011111010101110000000111011111100111
100100110110101011001010011110001010011001000110111100011101
101010010011111110000010001111101011011111100011011110101011
011001110110000000011011101100010100011100010011001010100011
110011110000111011010011010000000101001100100001111011011001
010101110100001101101111101101100100011010110010100001101011
011110011011000111111100100001101001001001001111110110011100
010100100000010010101000100101110011001111010111101111100101
110110011011000100000101000110110011000010011110101100010000
011101001001111010100011011000111101011011101001111110111101
011101101101010000010111000001100010110110111011101001111101
010100111001000010010110010110101011001100101110001011001111
100000110010001110100011111011110101100000001111011010000100
011110101010011101000011111011111010110001001011101011111100
011011000000011011111001000011010000100000010011100001001110
010000100001101000100100000001111001001111001100010000010011
000011100001011111110000001000000110100100101010100110101000
100101111011001010001011101001101000110011110111000001100111
110101101101010101001100000011110001110101110101100001010000
100000011110111111001011000000110111001110100000110100011001
101010000110001111110000000101001110011010011101101101011011
110011001001111100001110000000011010110100010101011011001111
110001000011100001010011000011111001111010100011101011111010
101010100100010100000110010010000100110111000000000010101001
111111011101001100000110111011100000001111000010110001100011
011001000001010001010010001000010111000000010101111000010110
111101011100011001010001110101101110001101111000010101010011
110010011001101100001011011110001100010100011110010011110101
101011000110101000110100100010001001000111000110011010110001
010110011111101010111000011100010010010100100001110100001101
111101110110001001000111010011000110111111100011111011011011
110101011001100101111001101001111100100100000010010001000011
100001010011100001100111101001010110010010110100111001110101
111110110010111100110101011000111110100100111000101011011001
010001011111100111011000000110100011101101111101101101101010
110100010010000110110011011001100000111101011000100101011001
110010111101001101110001111001001111101001101010101000101100
111110011100110000111100100111111111111100110001100010001000
001100011010110000101100110110111110010111011110011100110000
110110100111011010101101010101001010001110010001111100000010
100101100110011000100010101000100100111110101110111101110110
101010100010110011111000001100001001101001111000011111110010
000110001111101011101101100010111110011010111100101000011001
000111110110111001000000100010000110111100100110111100000010
111101110111001101110001010001001000000001111011101010011011
111000110000000111100001110100111000000100110011110101011011
100110101011101011001101100100011010000110100100001101100101
011111000000011001111010011000100011010001110011100111000111
101011000001100100001000100101101100010011110010100100010001
110011110111001100110110110010010101010101100101111110010010
010011000010110100110010111001001010110000100110000001001000
111111000011000001100000100111000101001111001101010111011010
010100111001001101101101110101011010001111110101000110010001
010010001010100001000000001011111000100110011110011011000100
100111000000011001100100000111110100100001101101101001100010
111011100101110010001010010111101011101110011001110110000100
110100000000111100111010110010101110011101111011111100110100
001100101111010101100001101110111010010100111010101000101111
011111100010001100110000110010100010010110001100111101110010
111100000101011111111101001111100100111100010101101100111010
101010010011011100000110010110110111110100000101111111011011
000101001000101110111011000111111100101111000100101101100110
110000100110100001100111100100001001111011110001110101000010
111000001000011010011100000001011101111100001000101011000111
100111110001010011010000000010101011010011000111100111100011
100001100010011011010101110100010000111001100011111001001001
011000011111010001011001101011101010110110110110000001000101
000011101010100001001100000001110011001011101111001000101111
111100110011010001101000110010110010100111011000001000110111
001001011100001000001100000100001110110100111011011011101100
000110000000000010001110010111101111010111110001110111001101
101010010111001000000010010100010010001101111110110101111101
010000110011101111001101011010110011001011000000001110110101
111001101101011101001100100111000101101110000010101011001111
101001011111100111101000100111001100101011111110010110011100
